              precision    recall  f1-score   support

           0       1.00      1.00      1.00       400
           1       1.00      1.00      1.00      2106
           2       1.00      1.00      1.00         1
           3       0.88      0.94      0.91        16
           4       0.94      0.79      0.86        19
           5       0.99      1.00      0.99        90
           6       0.97      0.98      0.97       259
           7       0.98      0.99      0.98        97
           8       1.00      1.00      1.00       210
           9       0.99      0.99      0.99       589
          10       0.99      1.00      0.99       678
          11       0.99      0.99      0.99       355
          14       1.00      1.00      1.00         3
          15       0.86      0.84      0.85        50
          16       0.92      0.85      0.88        27
          17       0.85      0.92      0.88        36
          18       1.00      0.85      0.92        13
          19       0.78      0.84      0.81        25
          21       0.80      0.95      0.87        21
          22       0.94      1.00      0.97       102
          23       1.00      1.00      1.00         5
          24       1.00      0.99      0.99       364
          25       1.00      0.94      0.97        67
          27       0.98      0.98      0.98       324
          28       0.99      0.97      0.98       405
          29       1.00      0.96      0.98        93
          30       1.00      1.00      1.00         4
          31       0.99      0.99      0.99      1292
          32       0.95      0.97      0.96       112
          33       0.94      0.96      0.95        50
          34       0.97      0.99      0.98        71

    accuracy                           0.99      7884
   macro avg       0.96      0.96      0.96      7884
weighted avg       0.99      0.99      0.99      7884
